0.000000000000000000e+00 2.123680241327300169e-02 2.521870286576169060e-02 4.558069381598793546e-02 0.000000000000000000e+00 1.131221719457013546e-02 1.535444947209653119e-02 2.322775263951734614e-03 4.974358974358974311e-02 3.016591251885369657e-04 1.951734539969834231e-02 5.870286576168928794e-02 1.631975867269985087e-02 2.711613876319758920e-01 0.000000000000000000e+00 9.140271493212670517e-03 0.000000000000000000e+00 7.013574660633484226e-02 1.026546003016591269e-01 9.248868778280543157e-02 1.058823529411764656e-02 1.197586726998491752e-02 1.381598793363499229e-02 3.921568627450980229e-04 6.235294117647059015e-02 1.116138763197586752e-03 8.856711915535445123e-02
7.946498819826908200e-02 1.667977970102281840e-02 0.000000000000000000e+00 0.000000000000000000e+00 2.856018882769472689e-01 9.441384736428009433e-04 0.000000000000000000e+00 0.000000000000000000e+00 4.138473642800943875e-02 7.867820613690007861e-04 0.000000000000000000e+00 8.906372934697089072e-02 1.573564122738001572e-04 0.000000000000000000e+00 2.015735641227379971e-01 0.000000000000000000e+00 0.000000000000000000e+00 5.161290322580645157e-02 2.675059008654602673e-03 6.294256490952006289e-04 1.560975609756097560e-01 0.000000000000000000e+00 0.000000000000000000e+00 0.000000000000000000e+00 5.853658536585366196e-02 0.000000000000000000e+00 1.479150275373721478e-02
1.491042460149527571e-01 0.000000000000000000e+00 6.206799266469177276e-03 0.000000000000000000e+00 9.648751586965721716e-02 0.000000000000000000e+00 0.000000000000000000e+00 1.733671886020595188e-01 1.354210749047820607e-02 0.000000000000000000e+00 1.688531527719001335e-01 3.611228664127521387e-02 0.000000000000000000e+00 4.231908590774439397e-04 2.464381436027648364e-01 0.000000000000000000e+00 4.231908590774439397e-04 4.810269431513612692e-02 2.821272393849626084e-04 3.216250528988574137e-02 2.369868810833685932e-02 0.000000000000000000e+00 0.000000000000000000e+00 0.000000000000000000e+00 1.269572577232331873e-03 0.000000000000000000e+00 3.526590492312032740e-03
2.241109159109254054e-02 4.273301362708323628e-04 1.424433787569441209e-04 8.119272589145814026e-03 7.321589668106927296e-02 6.172546412800911184e-04 5.935140781539337794e-03 1.899245050092588098e-04 4.354019277337258659e-02 0.000000000000000000e+00 2.374056312615735259e-04 1.016096101799534614e-02 1.899245050092588098e-04 4.197331560704620212e-02 8.907459284934238219e-02 3.323678837662029308e-04 4.748112625231470246e-05 1.471914913821755801e-02 2.203124258107402172e-02 4.748112625231470246e-05 9.638668629219885806e-03 1.044584777550923481e-03 2.374056312615735259e-04 0.000000000000000000e+00 2.188879920231708021e-02 0.000000000000000000e+00 6.337780732158966313e-01
4.745851862477884486e-02 1.530148711327882285e-03 1.771625304834313630e-02 7.916128723760340602e-02 3.779945488452159108e-02 6.885669200975469417e-03 5.068617606273609529e-03 2.438674508678812230e-03 6.646583464830488515e-03 9.563429445799264284e-05 1.219337254339406115e-03 2.890546549992827410e-02 1.735762444412566191e-02 6.871324056806771274e-02 3.299383158800745907e-03 8.607086501219336772e-03 1.195428680724907900e-04 1.266676230096112354e-01 4.638263281212642863e-02 4.105102089609333899e-02 1.912685889159852857e-04 2.058528188208291407e-02 2.892937407354277419e-03 3.753646057476211096e-03 2.302395639076172673e-02 2.869028833739779285e-04 4.021422081958590522e-01
4.379562043795620641e-02 1.403705783267827163e-04 0.000000000000000000e+00 0.000000000000000000e+00 7.594048287478943893e-02 6.681639528354857416e-02 0.000000000000000000e+00 0.000000000000000000e+00 7.257158899494665916e-02 0.000000000000000000e+00 0.000000000000000000e+00 2.217855137563166587e-02 2.807411566535654326e-04 1.824817518248175122e-03 2.136440202133632893e-01 0.000000000000000000e+00 0.000000000000000000e+00 5.446378439079169187e-02 1.263335204941044366e-03 6.204379562043795676e-02 3.804042672655811447e-02 0.000000000000000000e+00 0.000000000000000000e+00 0.000000000000000000e+00 5.614823133071308653e-04 0.000000000000000000e+00 3.464345873104996976e-01
3.441149116461713481e-02 0.000000000000000000e+00 0.000000000000000000e+00 3.100134339154696781e-04 1.168750645861320603e-01 1.033378113051565503e-04 3.172470807068306087e-02 1.395060452619613645e-01 4.257517825772449971e-02 0.000000000000000000e+00 0.000000000000000000e+00 1.291722641314456931e-02 1.033378113051565666e-03 5.993593055699080081e-03 1.670972408804381470e-01 0.000000000000000000e+00 0.000000000000000000e+00 2.335434535496538205e-02 3.647824739072026701e-02 6.200268678309393561e-04 1.984085977059005940e-02 0.000000000000000000e+00 7.440322413971272274e-03 0.000000000000000000e+00 5.166890565257828329e-04 0.000000000000000000e+00 3.592022320967241944e-01
1.429253058037650848e-01 2.602585234666435405e-04 4.337642057777392116e-05 1.301292617333217703e-04 5.061160753014660729e-01 1.301292617333217703e-04 0.000000000000000000e+00 0.000000000000000000e+00 1.392816864752320638e-01 0.000000000000000000e+00 0.000000000000000000e+00 2.168821028888695990e-04 4.771406263555131666e-04 8.675284115554783961e-04 6.228853994968334973e-02 8.675284115554784232e-05 0.000000000000000000e+00 1.093085798559902816e-02 1.344669037910991563e-03 4.324629131604060261e-02 1.392383100546542955e-02 0.000000000000000000e+00 4.337642057777392116e-05 0.000000000000000000e+00 2.429079552355339639e-03 0.000000000000000000e+00 7.525808970243776097e-02
1.670921327454165687e-03 1.067533070317939255e-03 2.752378742167556347e-02 7.820840102111858982e-02 2.548155024367602592e-02 2.654908331399396734e-02 6.340218148062196080e-02 0.000000000000000000e+00 0.000000000000000000e+00 0.000000000000000000e+00 1.452773265258760702e-02 4.460431654676259156e-02 6.047806915757716201e-02 3.181712694360640525e-01 1.229983754931538581e-02 8.865165931770712174e-03 4.641448131817126608e-05 3.290786725458343109e-02 8.038988164307263318e-02 1.702483174750522299e-01 4.641448131817126608e-05 2.330006962172197563e-02 0.000000000000000000e+00 6.080297052680436534e-03 0.000000000000000000e+00 7.890461824089116047e-04 3.341842654908331375e-03
6.565656565656566301e-02 0.000000000000000000e+00 0.000000000000000000e+00 0.000000000000000000e+00 7.575757575757575968e-02 0.000000000000000000e+00 0.000000000000000000e+00 0.000000000000000000e+00 7.407407407407406996e-02 0.000000000000000000e+00 0.000000000000000000e+00 0.000000000000000000e+00 0.000000000000000000e+00 0.000000000000000000e+00 1.111111111111111049e-01 0.000000000000000000e+00 0.000000000000000000e+00 0.000000000000000000e+00 0.000000000000000000e+00 0.000000000000000000e+00 6.734006734006734440e-01 0.000000000000000000e+00 0.000000000000000000e+00 0.000000000000000000e+00 0.000000000000000000e+00 0.000000000000000000e+00 0.000000000000000000e+00
4.344391785150079031e-03 5.924170616113744528e-04 0.000000000000000000e+00 1.974723538704581329e-04 3.161532385466034878e-01 8.096366508688782743e-03 1.974723538704581329e-04 1.974723538704581329e-04 1.556082148499210172e-01 0.000000000000000000e+00 1.974723538704581329e-04 7.898894154818324881e-03 0.000000000000000000e+00 9.261453396524486903e-02 4.008688783570300146e-02 0.000000000000000000e+00 0.000000000000000000e+00 9.873617693522906101e-04 4.285150078988941846e-02 0.000000000000000000e+00 9.873617693522906101e-04 0.000000000000000000e+00 1.579778830963665063e-03 0.000000000000000000e+00 1.441548183254344473e-02 0.000000000000000000e+00 3.129936808846761620e-01
8.617152236356175055e-02 3.419504855696894820e-04 4.787306797975653182e-04 1.209136916974422049e-01 1.681712488031733010e-01 1.723430447271235080e-02 4.103405826836274001e-04 6.839009711393790453e-05 1.020380248939953549e-01 0.000000000000000000e+00 1.422514019969908436e-02 1.556558610313226731e-01 4.787306797975653182e-04 3.419504855696894820e-04 1.074408425659964389e-01 4.582136506633839590e-03 0.000000000000000000e+00 6.155108740254411001e-04 1.490904117083846278e-02 8.070031459444671623e-03 1.121597592668581618e-02 2.667213787443578100e-03 6.360279031596224701e-03 0.000000000000000000e+00 2.838189030228422879e-02 0.000000000000000000e+00 1.492271919026124938e-01
1.240236686390532583e-01 2.035502958579881588e-02 1.183431952662721882e-04 1.183431952662721882e-04 3.272189349112425982e-01 5.325443786982248483e-03 0.000000000000000000e+00 0.000000000000000000e+00 9.230769230769231282e-02 0.000000000000000000e+00 0.000000000000000000e+00 2.366863905325443764e-04 7.218934911242603711e-03 1.538461538461538460e-03 9.739644970414201852e-02 2.497041420118343083e-02 0.000000000000000000e+00 1.183431952662721882e-04 1.384615384615384658e-02 0.000000000000000000e+00 2.852071005917159591e-02 0.000000000000000000e+00 0.000000000000000000e+00 0.000000000000000000e+00 5.550295857988165465e-02 0.000000000000000000e+00 2.011834319526627224e-01
9.665809768637532995e-03 1.028277634961439623e-04 1.065981148243358954e-02 2.722879177377892090e-01 7.160239931448157680e-02 1.028277634961439514e-03 1.305227077977720584e-01 1.028277634961439623e-04 2.529562982005141222e-02 3.084832904884318868e-04 1.312767780634104507e-02 4.592973436161097017e-03 0.000000000000000000e+00 4.558697514995715787e-03 6.824335904027420407e-02 3.427592116538131850e-05 1.028277634961439623e-04 1.713796058269065857e-04 1.713796058269066030e-02 1.157155098543273392e-01 5.449871465295629512e-03 7.197943444730076816e-04 2.399314481576692362e-04 1.713796058269065857e-04 1.545844044558697568e-02 0.000000000000000000e+00 2.326992287917737656e-01
1.081047879364884293e-02 5.313104634378551343e-03 6.265163846319215905e-03 2.561346395995208955e-02 5.528085746752249736e-03 6.188384877614323820e-02 6.019471146463561094e-03 4.606738122293541266e-04 1.004268910659992034e-02 6.142317496391387903e-05 2.023893615060962450e-02 3.120297288166825472e-02 4.585240011056171405e-02 1.167040324314363858e-01 5.985688400233408341e-02 1.421946500414606428e-02 6.142317496391387903e-05 8.519394367494856346e-02 1.363594484198888193e-02 5.515801111759466996e-02 1.788949970823991986e-01 1.458800405392954823e-02 6.907036024692116138e-02 5.220969871932679921e-04 2.948312398267866410e-03 5.220969871932679921e-04 1.593317158563926084e-01
7.469209376241557619e-02 5.959475566150178490e-04 0.000000000000000000e+00 1.986491855383392920e-04 1.668653158522050151e-01 1.986491855383392920e-04 0.000000000000000000e+00 4.171632896305125376e-03 7.667858561779897220e-02 0.000000000000000000e+00 0.000000000000000000e+00 1.066746126340882006e-01 0.000000000000000000e+00 1.986491855383392920e-04 5.740961462058005726e-02 5.403257846642828960e-02 0.000000000000000000e+00 8.363130711164083742e-02 2.542709574890742938e-02 2.681764004767580450e-02 4.251092570520460800e-02 0.000000000000000000e+00 3.972983710766785840e-04 0.000000000000000000e+00 3.972983710766785949e-03 0.000000000000000000e+00 2.755264203416766255e-01
0.000000000000000000e+00 0.000000000000000000e+00 0.000000000000000000e+00 0.000000000000000000e+00 0.000000000000000000e+00 0.000000000000000000e+00 0.000000000000000000e+00 0.000000000000000000e+00 0.000000000000000000e+00 0.000000000000000000e+00 0.000000000000000000e+00 0.000000000000000000e+00 0.000000000000000000e+00 0.000000000000000000e+00 0.000000000000000000e+00 0.000000000000000000e+00 0.000000000000000000e+00 0.000000000000000000e+00 0.000000000000000000e+00 0.000000000000000000e+00 1.000000000000000000e+00 0.000000000000000000e+00 0.000000000000000000e+00 0.000000000000000000e+00 0.000000000000000000e+00 0.000000000000000000e+00 0.000000000000000000e+00
6.209775613150113338e-02 1.565489650373978183e-03 4.290601263987939805e-03 2.974430335710558440e-02 2.032237490578071570e-01 3.942714675015944990e-03 3.536846987881950462e-03 2.319243926479967418e-04 6.893952571461703371e-02 0.000000000000000000e+00 1.333565257725981279e-02 1.078448425813184966e-02 9.334956804081868953e-03 4.035484432075143318e-02 8.882704238418275000e-02 3.536846987881950462e-03 0.000000000000000000e+00 1.478518003130979350e-02 4.864614135791731769e-02 3.194758508726155272e-02 2.342436365744767282e-02 1.797414043021974871e-03 8.117353742679886235e-04 0.000000000000000000e+00 4.226822056009740813e-02 0.000000000000000000e+00 2.925726213254479235e-01
7.910741017964072197e-02 3.742514970059880467e-04 9.543413173652695244e-03 4.678143712574850583e-05 1.055389221556886220e-01 1.637350299401197501e-03 3.274700598802395002e-04 6.301459580838322805e-02 3.265344311377245401e-02 0.000000000000000000e+00 9.496631736526945505e-03 1.553143712574850226e-02 5.052395209580838251e-03 6.970434131736527247e-03 7.583270958083832003e-02 1.314558383233532975e-02 1.450224550898203532e-03 1.403443113772455040e-04 2.006923652694610899e-02 1.235497754491017980e-01 1.581212574850299549e-02 0.000000000000000000e+00 7.344685628742514752e-03 0.000000000000000000e+00 3.648952095808383374e-03 0.000000000000000000e+00 4.097118263473054078e-01
2.367631557609665288e-02 2.702775750695964898e-05 8.892132219789723388e-03 2.702775750695964898e-05 5.335279331873834380e-02 4.054163626043947211e-04 2.702775750695964898e-05 3.021433011703019145e-01 3.883888753750101147e-02 0.000000000000000000e+00 0.000000000000000000e+00 1.035163112516554462e-02 8.108327252087894693e-05 1.783831995459336751e-03 1.163544960674612883e-01 0.000000000000000000e+00 0.000000000000000000e+00 2.081137328035892811e-02 1.916268007243438973e-02 2.118976188545636241e-02 8.324549312143571939e-03 0.000000000000000000e+00 7.405605556906943304e-03 0.000000000000000000e+00 1.143274142544393156e-02 1.351387875347982313e-04 3.555771777615611140e-01
5.522129728838704420e-03 1.293991593175636626e-02 3.453391576691667436e-02 2.002802274787768982e-02 7.170526662820407050e-03 4.285832028352427013e-03 3.964394626225994922e-02 0.000000000000000000e+00 1.071458007088106797e-02 0.000000000000000000e+00 1.211571746476551581e-02 1.248660677491139903e-01 1.953350366768317678e-02 1.222286326547432633e-01 8.241984669908513695e-05 7.969999175801532887e-02 0.000000000000000000e+00 8.464518255996043850e-02 1.087117777960932979e-01 2.127256243303387584e-01 0.000000000000000000e+00 2.719854941069809601e-03 0.000000000000000000e+00 0.000000000000000000e+00 1.483557240583532411e-03 3.791312948157916571e-03 9.255748784307260557e-02
2.055857253685027322e-02 0.000000000000000000e+00 0.000000000000000000e+00 0.000000000000000000e+00 9.022498060512025297e-01 0.000000000000000000e+00 0.000000000000000000e+00 0.000000000000000000e+00 5.275407292474786763e-02 0.000000000000000000e+00 0.000000000000000000e+00 0.000000000000000000e+00 4.654771140418929344e-03 0.000000000000000000e+00 1.163692785104732293e-02 0.000000000000000000e+00 0.000000000000000000e+00 3.878975950349107787e-04 0.000000000000000000e+00 0.000000000000000000e+00 0.000000000000000000e+00 0.000000000000000000e+00 0.000000000000000000e+00 0.000000000000000000e+00 3.878975950349107787e-03 0.000000000000000000e+00 3.878975950349107787e-03
3.294637442605908295e-01 2.598977735424066516e-04 0.000000000000000000e+00 4.071731785497704516e-03 1.412977562158884148e-01 3.725201420774495575e-03 0.000000000000000000e+00 1.206791995148574909e-01 9.009789482803430560e-02 0.000000000000000000e+00 5.197955470848133032e-04 5.284588062028935593e-03 1.732651823616044434e-04 6.150913973836957122e-02 1.153079788616477586e-01 8.663259118080222172e-05 0.000000000000000000e+00 9.183054665165035421e-03 9.789482803430650526e-03 4.331629559040110680e-04 4.418262150220913023e-03 0.000000000000000000e+00 6.930607294464177738e-04 0.000000000000000000e+00 5.457853244390539413e-03 8.663259118080222172e-05 9.746166507840249571e-02
6.309148264984226762e-02 0.000000000000000000e+00 7.886435331230283452e-02 0.000000000000000000e+00 1.482649842271293317e-01 0.000000000000000000e+00 0.000000000000000000e+00 0.000000000000000000e+00 3.785488958990536335e-02 0.000000000000000000e+00 0.000000000000000000e+00 0.000000000000000000e+00 0.000000000000000000e+00 0.000000000000000000e+00 3.154574132492113468e-03 1.104100946372239683e-01 0.000000000000000000e+00 0.000000000000000000e+00 0.000000000000000000e+00 2.965299684542586633e-01 0.000000000000000000e+00 0.000000000000000000e+00 0.000000000000000000e+00 0.000000000000000000e+00 0.000000000000000000e+00 0.000000000000000000e+00 2.618296529968454078e-01
7.988553714081315579e-03 2.635030404196971390e-02 1.192321449862883013e-04 6.200071539286991507e-03 3.863121497555740969e-02 7.153928699177297809e-04 2.384642899725766027e-04 2.384642899725766027e-04 2.444258972218910086e-02 0.000000000000000000e+00 0.000000000000000000e+00 6.915464409204721830e-03 1.907714319780612821e-03 7.392392989149875089e-03 1.939906998926910764e-01 2.384642899725766027e-04 0.000000000000000000e+00 4.650053654465243630e-03 1.136282341719327543e-01 2.015023250268272240e-02 8.346250149040180958e-04 2.384642899725765864e-03 7.630857279122451285e-03 0.000000000000000000e+00 0.000000000000000000e+00 0.000000000000000000e+00 5.353523309884344883e-01
7.142857142857142634e-03 7.142857142857142634e-03 0.000000000000000000e+00 0.000000000000000000e+00 3.428571428571428603e-01 0.000000000000000000e+00 0.000000000000000000e+00 0.000000000000000000e+00 1.000000000000000056e-01 0.000000000000000000e+00 0.000000000000000000e+00 2.857142857142857054e-02 0.000000000000000000e+00 2.142857142857142877e-02 0.000000000000000000e+00 0.000000000000000000e+00 0.000000000000000000e+00 0.000000000000000000e+00 0.000000000000000000e+00 0.000000000000000000e+00 0.000000000000000000e+00 0.000000000000000000e+00 0.000000000000000000e+00 0.000000000000000000e+00 1.285714285714285587e-01 5.714285714285714107e-02 3.071428571428571619e-01
1.466706426780645667e-01 4.720409087394939612e-02 3.251493765393238811e-02 3.819179837204422084e-02 1.351843875285775771e-02 2.948875120108677625e-02 2.813028064013783566e-02 6.410213931502159457e-02 4.866196171984581847e-02 5.599549385374904403e-03 1.064687496548601293e-02 2.747865654992655282e-02 3.855626608351832990e-02 2.272953182465789826e-02 5.796141060048816407e-02 1.870934252233745140e-02 1.192803419369802215e-03 1.930574423202235240e-02 7.880233701114387757e-02 1.564339595551285100e-01 1.441304131738510921e-02 1.767116176844151301e-03 7.976320643230287721e-02 0.000000000000000000e+00 1.815711871707365727e-02 0.000000000000000000e+00 0.000000000000000000e+00
