5.598163802272854698e-05 2.071320606840956063e-02 2.524771874825057494e-02 4.338576946761462522e-02 0.000000000000000000e+00 1.133628169960253056e-02 1.475116161898897167e-02 2.687118625090970363e-03 4.831215361361473198e-02 3.078990091250069982e-04 1.922969266080725576e-02 5.995633432234227095e-02 1.752225270111403346e-02 2.676482113866651691e-01 0.000000000000000000e+00 1.167217152773890147e-02 0.000000000000000000e+00 7.286010188658120779e-02 9.995521468958182276e-02 9.690421541734310640e-02 1.209203381290936512e-02 1.172815316576162996e-02 1.514303308514807107e-02 3.918714661590998356e-04 6.099199462576274794e-02 1.091641941443206561e-03 8.601578682192241587e-02
7.617728531855955110e-02 1.551246537396121922e-02 0.000000000000000000e+00 0.000000000000000000e+00 2.637119113573407336e-01 8.310249307479223961e-04 0.000000000000000000e+00 0.000000000000000000e+00 4.252077562326869731e-02 8.310249307479223961e-04 0.000000000000000000e+00 8.365650969529085657e-02 1.385041551246537508e-04 6.925207756232686996e-04 1.994459833795013959e-01 0.000000000000000000e+00 0.000000000000000000e+00 4.944598337950138756e-02 4.293628808864266219e-03 6.925207756232686996e-04 1.878116343490304763e-01 0.000000000000000000e+00 0.000000000000000000e+00 0.000000000000000000e+00 5.872576177285318555e-02 0.000000000000000000e+00 1.551246537396121922e-02
1.437460317460317327e-01 0.000000000000000000e+00 5.841269841269841612e-03 1.269841269841269786e-04 9.180952380952381309e-02 0.000000000000000000e+00 0.000000000000000000e+00 1.847619047619047661e-01 1.485714285714285696e-02 0.000000000000000000e+00 1.813333333333333464e-01 3.746031746031745768e-02 0.000000000000000000e+00 3.809523809523809629e-04 2.335238095238095224e-01 0.000000000000000000e+00 5.079365079365079144e-04 4.419047619047618974e-02 2.539682539682539572e-04 3.250793650793650652e-02 2.311111111111111005e-02 0.000000000000000000e+00 0.000000000000000000e+00 0.000000000000000000e+00 1.523809523809523852e-03 0.000000000000000000e+00 4.063492063492063315e-03
2.372458080627898661e-02 4.013556903317873890e-04 1.783803068141277164e-04 7.848733499821619955e-03 7.376025686764181577e-02 5.797359971459150512e-04 6.644666428826257951e-03 1.783803068141277164e-04 4.437210132001426915e-02 0.000000000000000000e+00 2.229753835176596455e-04 9.721726721369960272e-03 3.121655369247235308e-04 4.058151980021405814e-02 9.043881555476275536e-02 3.121655369247235308e-04 4.459507670353192910e-05 1.458259008205494041e-02 2.256510881198715499e-02 4.459507670353192910e-05 9.944702104887620867e-03 1.159471994291830102e-03 3.121655369247235308e-04 0.000000000000000000e+00 2.274348911880128346e-02 0.000000000000000000e+00 6.293257224402426520e-01
4.519482751213644428e-02 1.675473643510761628e-03 1.699102117970528736e-02 7.271126004210164140e-02 3.537827039566954213e-02 6.701894574043046511e-03 4.725694891953430288e-03 2.255445289341409792e-03 6.229325084847703482e-03 8.592172530824418951e-05 1.159943291661296545e-03 3.572195729690252203e-02 1.780727757013360682e-02 7.200240580830863379e-02 3.630192894273316824e-03 8.635133393478541114e-03 1.718434506164883790e-04 1.293336770202345720e-01 4.845985307384972213e-02 4.003952399364179432e-02 2.577651759247325956e-04 2.025604674141856867e-02 3.222064699059157093e-03 4.059801520814538232e-03 2.519654594664260880e-02 2.792456072517936227e-04 3.978175881771706113e-01
4.382683057188669490e-02 1.336183858898984389e-04 0.000000000000000000e+00 0.000000000000000000e+00 7.469267771245323428e-02 6.560662747194014044e-02 0.000000000000000000e+00 0.000000000000000000e+00 7.562800641368251642e-02 0.000000000000000000e+00 0.000000000000000000e+00 2.164617851416355057e-02 2.672367717797968778e-04 1.870657402458578361e-03 2.111170497060395612e-01 0.000000000000000000e+00 0.000000000000000000e+00 5.464991982896846845e-02 1.469802244788883045e-03 6.293425975414217166e-02 3.754676643506146133e-02 0.000000000000000000e+00 0.000000000000000000e+00 0.000000000000000000e+00 6.680919294494923029e-04 0.000000000000000000e+00 3.479422768572955627e-01
3.400369182939862178e-02 0.000000000000000000e+00 0.000000000000000000e+00 3.886136209074127798e-04 1.232876712328767055e-01 9.715340522685319495e-05 3.264354415622267719e-02 1.346546196444185495e-01 4.235888467890799869e-02 0.000000000000000000e+00 0.000000000000000000e+00 1.525308462061595281e-02 9.715340522685319766e-04 6.412124744972311219e-03 1.646750218595161852e-01 0.000000000000000000e+00 0.000000000000000000e+00 2.516273195375497845e-02 3.691829398620421337e-02 8.743806470416788223e-04 1.962498785582434541e-02 0.000000000000000000e+00 7.092198581560283516e-03 0.000000000000000000e+00 6.800738365879724053e-04 0.000000000000000000e+00 3.549013892936947467e-01
1.448379167306805826e-01 2.688585036103856188e-04 3.840835765862651987e-05 1.152250729758795528e-04 5.074512213857735876e-01 1.152250729758795528e-04 0.000000000000000000e+00 0.000000000000000000e+00 1.315102166231371938e-01 0.000000000000000000e+00 2.304501459517591057e-04 3.072668612690121590e-04 8.833922261484098825e-04 9.218005838070364227e-04 6.206790597634045253e-02 7.681671531725303974e-05 0.000000000000000000e+00 1.029343985251190627e-02 1.459517591027807660e-03 3.933015824243355635e-02 1.713012751574742587e-02 0.000000000000000000e+00 7.681671531725303974e-05 0.000000000000000000e+00 8.949147334459978120e-03 0.000000000000000000e+00 7.393608849285604467e-02
2.889539136795903594e-03 1.170446232626188828e-03 2.406730065837600629e-02 6.916605705925384096e-02 2.161667885881492224e-02 2.348207754206291242e-02 5.182882223847842112e-02 0.000000000000000000e+00 2.194586686174103754e-03 0.000000000000000000e+00 1.217995610826627662e-02 4.575713240673006527e-02 6.722750548646672097e-02 2.652523774689100056e-01 1.111923920994879224e-02 7.571324067300658038e-03 3.657644476956840087e-05 2.757863935625457300e-02 7.604242867593269395e-02 1.457937088514996427e-01 7.315288953913680174e-05 2.121433796634967020e-02 0.000000000000000000e+00 5.267008046817849183e-03 0.000000000000000000e+00 8.778346744696415667e-04 1.175932699341624005e-01
1.043478260869565161e-01 0.000000000000000000e+00 0.000000000000000000e+00 0.000000000000000000e+00 4.521739130434782733e-02 0.000000000000000000e+00 0.000000000000000000e+00 0.000000000000000000e+00 3.791304347826087162e-01 0.000000000000000000e+00 0.000000000000000000e+00 0.000000000000000000e+00 0.000000000000000000e+00 0.000000000000000000e+00 7.304347826086957096e-02 0.000000000000000000e+00 0.000000000000000000e+00 0.000000000000000000e+00 0.000000000000000000e+00 0.000000000000000000e+00 3.973913043478261020e-01 0.000000000000000000e+00 0.000000000000000000e+00 0.000000000000000000e+00 0.000000000000000000e+00 0.000000000000000000e+00 8.695652173913043801e-04
7.593563550894955744e-03 5.423973964924968388e-04 1.807991321641656129e-04 1.807991321641656129e-04 3.075393238112457128e-01 7.593563550894955744e-03 1.807991321641656129e-04 1.807991321641656129e-04 1.495208822997649567e-01 0.000000000000000000e+00 1.807991321641656129e-04 9.220755740372446260e-03 0.000000000000000000e+00 8.714518170312782197e-02 3.760621949014644749e-02 0.000000000000000000e+00 0.000000000000000000e+00 9.039956608208280647e-04 5.080455613813053550e-02 0.000000000000000000e+00 1.084794792984993678e-03 0.000000000000000000e+00 1.446393057313324904e-03 0.000000000000000000e+00 1.500632796962574587e-02 0.000000000000000000e+00 3.230880491773639451e-01
8.217245635690353933e-02 3.526714865103156341e-04 4.702286486804208455e-04 1.082113677775818489e-01 1.579968259566214006e-01 1.534120966319873006e-02 1.116793040615999535e-03 5.877858108505260568e-05 9.622053723623111288e-02 0.000000000000000000e+00 1.346029506847704754e-02 1.795685652148357181e-01 4.114500675953682669e-04 2.938929054252630555e-04 1.009816023041203853e-01 5.407629459824839398e-03 0.000000000000000000e+00 6.465643919355786896e-04 1.340151648739199355e-02 7.288544054546523647e-03 1.058014459530946978e-02 2.292364662317051757e-03 5.701522365250103266e-03 0.000000000000000000e+00 3.009463351554693411e-02 0.000000000000000000e+00 1.679304061599952991e-01
1.201682355297416377e-01 1.792509513318646039e-02 1.001401962747847010e-04 1.001401962747847010e-04 2.953134388143400790e-01 4.806729421189665646e-03 0.000000000000000000e+00 0.000000000000000000e+00 8.932505507710794546e-02 0.000000000000000000e+00 0.000000000000000000e+00 9.012617664730623087e-04 8.311636290807130831e-03 1.301822551572201113e-03 8.622070899258962862e-02 2.393350690967354158e-02 0.000000000000000000e+00 3.605047065892249235e-03 1.832565591828560006e-02 1.001401962747847010e-04 2.683757260164229899e-02 0.000000000000000000e+00 0.000000000000000000e+00 0.000000000000000000e+00 5.057079911876627420e-02 0.000000000000000000e+00 2.521530142199078783e-01
9.942867965026356766e-03 2.209526214450301552e-04 1.196300621823806129e-02 2.627126668981408231e-01 7.351409362078217824e-02 1.136327767431583686e-03 1.276474858748145591e-01 1.262586408257315056e-04 2.471512894163694490e-02 5.681638837157918431e-04 1.335185126732110761e-02 4.671569710552065519e-03 0.000000000000000000e+00 5.523815536125753663e-03 7.143082604715760009e-02 6.312932041286575281e-05 1.262586408257315056e-04 4.103405826836274001e-04 1.862314952179539712e-02 1.146428458697642122e-01 5.113474953442126263e-03 7.259871847479561777e-04 2.209526214450301552e-04 1.578233010321643888e-04 1.483539029702345309e-02 3.156466020643287641e-05 2.375240680534073945e-01
1.054208354530552193e-02 6.020010174665083730e-03 6.359165677463116811e-03 2.583234412978350700e-02 5.511276920468034975e-03 5.754338364139958278e-02 6.387428636029619279e-03 2.515403312418743910e-03 9.835509581142954164e-03 5.652591713300548424e-05 1.981233395511842327e-02 3.162625063591657099e-02 5.194731784523203694e-02 1.172630150924198755e-01 5.824995760556214708e-02 1.399016449041885768e-02 1.413147928325137208e-04 8.377140919111412953e-02 1.399016449041885768e-02 5.350178056638969087e-02 1.772652761291051982e-01 1.401842744898535928e-02 6.819851902097111285e-02 5.369962127635520902e-04 3.250240235147815442e-03 5.369962127635520902e-04 1.612967045390311382e-01
7.618025751072961260e-02 5.364806866952789681e-04 0.000000000000000000e+00 1.788268955650929894e-04 1.629113018597997120e-01 1.788268955650929894e-04 0.000000000000000000e+00 1.537911301859799795e-02 7.510729613733906074e-02 0.000000000000000000e+00 0.000000000000000000e+00 1.013948497854077202e-01 0.000000000000000000e+00 1.788268955650929894e-04 5.954935622317596849e-02 4.989270386266094620e-02 0.000000000000000000e+00 8.494277539341917038e-02 2.986409155937052792e-02 4.077253218884119984e-02 3.969957081545064104e-02 0.000000000000000000e+00 3.576537911301859787e-04 0.000000000000000000e+00 3.576537911301859787e-03 0.000000000000000000e+00 2.592989985693848198e-01
0.000000000000000000e+00 0.000000000000000000e+00 0.000000000000000000e+00 0.000000000000000000e+00 0.000000000000000000e+00 0.000000000000000000e+00 0.000000000000000000e+00 0.000000000000000000e+00 0.000000000000000000e+00 0.000000000000000000e+00 0.000000000000000000e+00 0.000000000000000000e+00 0.000000000000000000e+00 0.000000000000000000e+00 0.000000000000000000e+00 0.000000000000000000e+00 0.000000000000000000e+00 0.000000000000000000e+00 0.000000000000000000e+00 0.000000000000000000e+00 1.000000000000000000e+00 0.000000000000000000e+00 0.000000000000000000e+00 0.000000000000000000e+00 0.000000000000000000e+00 0.000000000000000000e+00 0.000000000000000000e+00
6.133487370687391860e-02 2.625636716903848988e-03 4.358556950060389276e-03 3.103502599380349863e-02 2.012813107178490768e-01 4.358556950060389276e-03 4.516095153074620172e-03 2.625636716903848988e-04 6.774142729611930258e-02 0.000000000000000000e+00 1.307567085018116956e-02 1.118521241401039708e-02 9.399779446515779679e-03 4.001470356561466490e-02 8.696108806385548229e-02 3.728404138003465693e-03 0.000000000000000000e+00 1.517618022370424875e-02 4.993961035551121308e-02 3.082497505645118846e-02 2.263298849971117840e-02 2.940713122932311213e-03 7.876910150711548047e-04 0.000000000000000000e+00 4.621120621750774565e-02 0.000000000000000000e+00 2.896077298744945683e-01
7.791885520492990158e-02 4.962984407957317812e-04 9.388312171719259691e-03 1.654328135985772875e-04 9.814301666735597562e-02 1.530253525786839713e-03 3.722238305967988901e-04 6.435336448984656232e-02 3.370693577071012109e-02 0.000000000000000000e+00 8.726580917324951517e-03 1.422722196947764570e-02 4.880268001158029507e-03 6.534596137143802545e-03 8.399851110467761173e-02 1.344141610488440441e-02 1.323462508788618300e-03 1.240746101989329453e-04 2.324331031060010780e-02 1.172091484345920004e-01 1.633649034285950680e-02 3.308656271971545750e-04 6.782745357541668761e-03 0.000000000000000000e+00 3.515447288969767055e-03 0.000000000000000000e+00 4.132511683692460247e-01
2.312894944707740916e-02 2.468404423380726661e-05 9.034360189573459321e-03 2.468404423380726661e-05 5.588467614533965122e-02 3.949447077409162657e-04 2.468404423380726661e-05 3.029966429699841868e-01 3.789000789889415688e-02 0.000000000000000000e+00 0.000000000000000000e+00 9.898301737756713334e-03 1.481042654028436132e-04 1.752567140600315909e-03 1.140649684044233864e-01 0.000000000000000000e+00 0.000000000000000000e+00 2.011749605055292156e-02 2.265995260663507260e-02 2.061117693522906621e-02 8.195102685624013408e-03 0.000000000000000000e+00 7.232424960505529597e-03 0.000000000000000000e+00 1.177428909952606649e-02 1.234202211690363263e-04 3.540185624012638366e-01
5.176366190933964773e-03 1.242327885824151372e-02 4.385121644605487201e-02 2.063151667529394481e-02 7.025068401981808715e-03 4.141092952747171818e-03 3.653035569030540358e-02 0.000000000000000000e+00 1.175774606226429042e-02 7.394808844191377666e-05 1.160984988538046360e-02 1.170598240035495147e-01 1.989203579087480550e-02 1.233454115211121832e-01 7.394808844191377666e-05 7.276491902684315005e-02 0.000000000000000000e+00 8.422687273533979724e-02 1.038231161724469387e-01 2.193300303187162570e-01 0.000000000000000000e+00 2.810027360792723486e-03 0.000000000000000000e+00 0.000000000000000000e+00 1.626857945722103059e-03 5.620054721585446972e-03 9.620646306292982008e-02
2.086956521739130599e-02 0.000000000000000000e+00 0.000000000000000000e+00 0.000000000000000000e+00 8.806956521739129906e-01 0.000000000000000000e+00 0.000000000000000000e+00 0.000000000000000000e+00 6.886956521739130699e-02 0.000000000000000000e+00 0.000000000000000000e+00 0.000000000000000000e+00 4.173913043478260504e-03 0.000000000000000000e+00 1.113043478260869641e-02 0.000000000000000000e+00 0.000000000000000000e+00 3.478260869565217629e-04 0.000000000000000000e+00 0.000000000000000000e+00 0.000000000000000000e+00 0.000000000000000000e+00 0.000000000000000000e+00 0.000000000000000000e+00 3.478260869565217520e-03 0.000000000000000000e+00 1.043478260869565299e-02
3.021390374331550666e-01 3.819709702062643172e-04 0.000000000000000000e+00 4.048892284186401958e-03 1.665393430099312566e-01 3.361344537815126252e-03 2.291825821237585957e-04 1.428571428571428492e-01 8.479755538579067387e-02 0.000000000000000000e+00 4.583651642475171915e-04 5.194805194805194801e-03 3.055767761650114429e-04 5.508021390374331222e-02 1.048892284186401791e-01 7.639419404125286073e-05 0.000000000000000000e+00 8.785332314744079621e-03 9.549274255156607605e-03 3.819709702062643172e-04 4.201680672268907381e-03 0.000000000000000000e+00 6.111535523300228858e-04 0.000000000000000000e+00 9.167303284950344480e-03 7.639419404125286073e-05 9.686783804430863787e-02
5.263157894736841813e-02 0.000000000000000000e+00 5.060728744939271134e-02 0.000000000000000000e+00 9.716599190283400911e-02 0.000000000000000000e+00 0.000000000000000000e+00 0.000000000000000000e+00 8.906882591093116808e-02 0.000000000000000000e+00 0.000000000000000000e+00 1.214574898785425114e-02 0.000000000000000000e+00 0.000000000000000000e+00 8.097165991902834092e-03 8.299595141700405465e-02 0.000000000000000000e+00 0.000000000000000000e+00 0.000000000000000000e+00 2.348178137651821817e-01 0.000000000000000000e+00 5.263157894736841813e-02 0.000000000000000000e+00 1.214574898785425044e-01 0.000000000000000000e+00 0.000000000000000000e+00 1.983805668016194457e-01
8.213552361396304208e-03 2.597535934291581028e-02 1.026694045174537972e-04 5.646817248459959360e-03 4.722792607802874659e-02 7.186858316221765531e-04 2.053388090349075944e-04 3.080082135523614186e-04 2.217659137577002171e-02 0.000000000000000000e+00 0.000000000000000000e+00 6.262833675564682089e-03 1.745379876796714471e-03 6.570841889117043019e-03 1.915811088295687747e-01 2.053388090349075944e-04 0.000000000000000000e+00 4.620123203285420900e-03 1.028747433264887018e-01 1.837782340862422967e-02 7.186858316221765531e-04 2.669404517453798781e-03 7.084188911704311815e-03 0.000000000000000000e+00 0.000000000000000000e+00 0.000000000000000000e+00 5.467145790554415186e-01
1.657458563535911533e-02 5.524861878453038444e-03 0.000000000000000000e+00 0.000000000000000000e+00 2.983425414364641037e-01 0.000000000000000000e+00 0.000000000000000000e+00 0.000000000000000000e+00 8.839779005524861510e-02 0.000000000000000000e+00 0.000000000000000000e+00 2.209944751381215378e-02 0.000000000000000000e+00 1.657458563535911533e-02 0.000000000000000000e+00 0.000000000000000000e+00 0.000000000000000000e+00 0.000000000000000000e+00 0.000000000000000000e+00 0.000000000000000000e+00 5.524861878453038444e-03 0.000000000000000000e+00 0.000000000000000000e+00 0.000000000000000000e+00 1.104972375690607689e-01 4.419889502762430755e-02 3.922651933701657434e-01
1.351918522939488942e-01 4.715927687183535388e-02 3.045763462390019619e-02 3.820681157467126221e-02 1.351533470668643197e-02 2.725207446910918319e-02 2.645309100710421454e-02 6.352399838278045829e-02 7.782869024470072394e-02 9.693690918542191559e-03 1.006911688261681592e-02 2.683814327794998081e-02 3.761960686163146744e-02 2.227527386842764051e-02 5.272328218555669133e-02 1.830923547871623688e-02 1.078146358368148403e-03 1.858839837507941795e-02 7.905123120463602993e-02 1.500452436418243662e-01 1.333243487803469247e-02 1.742361525577097031e-03 7.918599949943204430e-02 6.738414739800928062e-04 1.918522939489035808e-02 0.000000000000000000e+00 0.000000000000000000e+00
