3.196726552010740715e-05 2.003015578714063480e-02 3.248673358480915624e-02 5.036709076572256499e-02 4.262302069347654964e-05 7.336487436864650401e-03 1.953199923278562886e-02 8.631161690429000471e-04 4.391769494704089727e-02 3.836071862412889400e-04 1.429203162628135508e-02 6.657183044562367535e-02 2.459881081772265221e-02 2.362594037039404959e-01 2.424184301941478511e-04 1.443322038232849533e-02 2.663938793342284268e-05 8.470259787311126831e-02 1.060327557914029356e-01 1.233030709886409615e-01 9.832598086226371215e-03 2.294184088826375228e-02 1.105534599237047860e-02 5.647550241885642471e-04 3.494022121347739596e-02 1.204100334590712390e-03 7.400688361784199532e-02
6.994538754125534386e-02 9.472079565468350532e-03 0.000000000000000000e+00 4.144034809892403358e-04 3.037577515651131432e-01 8.880074592626578623e-05 2.960024864208859202e-05 5.920049728417718405e-05 3.404028593840188049e-02 4.736039782734175266e-03 0.000000000000000000e+00 1.185341956872437708e-01 9.176077079047464035e-04 7.400062160522148853e-05 1.494812556425473837e-01 1.480012432104429601e-05 0.000000000000000000e+00 6.560895111518937062e-02 1.258010567288765300e-02 7.370461911880060203e-03 1.399499755797948830e-01 5.920049728417718405e-05 1.628013675314872748e-04 0.000000000000000000e+00 7.280181153521689263e-02 0.000000000000000000e+00 9.901283170778634596e-03
1.265992074028183534e-01 0.000000000000000000e+00 1.749417352568074027e-02 1.081708312436695485e-04 1.638788093341593533e-01 0.000000000000000000e+00 0.000000000000000000e+00 1.636919688074657542e-01 4.659212713022784641e-02 0.000000000000000000e+00 6.886548465449253420e-02 3.764344927279700270e-02 0.000000000000000000e+00 2.261753744185817868e-04 2.028006411580179080e-01 9.833711931242686532e-06 1.612728756723800496e-03 4.462538474397931276e-02 2.192917760667119093e-03 7.140258233275315058e-02 3.462449970990549852e-02 0.000000000000000000e+00 0.000000000000000000e+00 0.000000000000000000e+00 4.828352558240159124e-03 0.000000000000000000e+00 1.280349293447797729e-02
2.401061431791594314e-02 1.854652324022027616e-04 1.474210821658534772e-04 7.951227399396999795e-03 1.056486052063419639e-01 9.320816807905574685e-04 4.836362598795902919e-03 1.997317887408337433e-04 5.863079103299378980e-02 1.854652324022027616e-04 2.472869765362703488e-04 9.311305770346486876e-03 2.002073406187881120e-03 1.188879694885915106e-02 5.557774797652675902e-02 1.093769319295041927e-04 1.046214131499605322e-04 2.085770536707849329e-02 2.237947137653246640e-02 1.902207511817464222e-04 9.706013829048610458e-03 2.263626939062782315e-03 7.751495610656166432e-04 0.000000000000000000e+00 1.327265291370635647e-02 0.000000000000000000e+00 6.485861842668416699e-01
5.240162389716568336e-02 1.080097883870725873e-03 1.768847801832041169e-02 8.906494651077753733e-02 3.327301536701763457e-02 9.261464320204018316e-03 5.867406733735244795e-03 1.515137309318657010e-03 1.133352710089351872e-02 2.456472617830990921e-04 1.213234949417290980e-03 3.421060033565542086e-02 2.001556391047938643e-02 8.085545252538511862e-02 3.257170181047657539e-03 9.578368039603589804e-03 1.113850942741685928e-03 1.329289216835275733e-01 6.608286375952820979e-02 2.706620287463551433e-02 3.844098371414909465e-04 1.749721068471830204e-02 6.611849198833644366e-03 7.961971553672050894e-03 1.581518325098212052e-02 2.175197127239656227e-04 3.534582821568204580e-01
6.725225360727571378e-02 5.013586820282967064e-05 0.000000000000000000e+00 2.005434728113186893e-05 7.873336742572370484e-02 4.396915641388161877e-02 1.002717364056593447e-05 5.013586820282967064e-05 7.977619348434257518e-02 0.000000000000000000e+00 0.000000000000000000e+00 2.853733618105064665e-02 5.013586820282967064e-05 2.406521673735824136e-04 1.778620060363585442e-01 0.000000000000000000e+00 0.000000000000000000e+00 6.756309599013325673e-02 1.794864081661302034e-03 3.969758044300052829e-02 4.160274343470805880e-02 0.000000000000000000e+00 5.013586820282967064e-05 0.000000000000000000e+00 2.205978200924505264e-03 0.000000000000000000e+00 3.705341475398329365e-01
5.908344370860927480e-02 0.000000000000000000e+00 1.059602649006622529e-05 7.417218543046358043e-04 1.312741721854304711e-01 1.059602649006622529e-05 1.592582781456953686e-02 1.458543046357616002e-01 4.626225165562913855e-02 0.000000000000000000e+00 1.059602649006622529e-05 2.566357615894039601e-02 2.161589403973509810e-03 1.569271523178807776e-02 9.567152317880794898e-02 0.000000000000000000e+00 0.000000000000000000e+00 6.500662251655629775e-02 2.917086092715231657e-02 2.203973509933775023e-03 2.254834437086092672e-02 0.000000000000000000e+00 1.705960264900662242e-03 0.000000000000000000e+00 1.981456953642384174e-03 1.059602649006622529e-05 3.390092715231788345e-01
1.655964399863745495e-01 5.979257412467294886e-04 5.798067793907680140e-05 8.334722453742290243e-05 4.643889923682932852e-01 4.058647455735376166e-04 3.623792371192300087e-06 4.710930082549989902e-05 1.419475709719735801e-01 0.000000000000000000e+00 0.000000000000000000e+00 9.276908470252288224e-04 8.950767156844981762e-04 4.421026692854606471e-04 6.828311965037650588e-02 6.160447031026909767e-05 9.421860165099979804e-05 1.240061749422005123e-02 1.830015147452111659e-03 3.453474129746261778e-02 1.384288685795458627e-02 0.000000000000000000e+00 2.536654659834609968e-04 0.000000000000000000e+00 3.703515803358530846e-03 0.000000000000000000e+00 8.960189017010081192e-02
9.063412343204017146e-03 5.194113338216687498e-03 4.075381234600785468e-02 4.952983110369651304e-02 3.722097412406290273e-02 2.471935315414459933e-02 3.879813404457404385e-02 9.813439505402648524e-05 7.710559611387796043e-05 0.000000000000000000e+00 9.087945941967524865e-03 5.700556912691931433e-02 5.218997416962530000e-02 2.776362228071343474e-01 4.144425791120939784e-02 7.833227605205328459e-03 4.065567795095383270e-04 3.935890201631133539e-02 1.206877819173357846e-01 1.573760264682482757e-01 4.976815749168486463e-04 2.271811245500713131e-02 7.009599646716177759e-06 2.873935855153633007e-03 0.000000000000000000e+00 3.319045432720110246e-03 2.102879894014853240e-03
6.283508470941454038e-02 0.000000000000000000e+00 0.000000000000000000e+00 0.000000000000000000e+00 1.642719279433840773e-01 0.000000000000000000e+00 0.000000000000000000e+00 0.000000000000000000e+00 2.015869611837872721e-02 8.578168561012224254e-04 0.000000000000000000e+00 0.000000000000000000e+00 0.000000000000000000e+00 0.000000000000000000e+00 2.320394595753806632e-01 0.000000000000000000e+00 0.000000000000000000e+00 0.000000000000000000e+00 0.000000000000000000e+00 0.000000000000000000e+00 5.198370147973407907e-01 0.000000000000000000e+00 0.000000000000000000e+00 0.000000000000000000e+00 0.000000000000000000e+00 0.000000000000000000e+00 0.000000000000000000e+00
4.269177088749623837e-03 3.010317177964478208e-04 2.462986781970936912e-04 1.368325989983853780e-04 3.415889001395692737e-01 5.172272242138967191e-03 3.557647573958019503e-04 4.104977969951561340e-04 1.260775567171122935e-01 1.094660791987082997e-04 1.368325989983853780e-04 1.299909690484661075e-02 1.559891628581593342e-03 1.183875646534030268e-01 1.119290659806792404e-02 8.209955939903122138e-05 0.000000000000000000e+00 7.115295147916039006e-04 5.437727484195834654e-02 5.473303959935414985e-05 1.614624668180947471e-03 0.000000000000000000e+00 2.161955064174488766e-03 0.000000000000000000e+00 8.374155058701185719e-03 0.000000000000000000e+00 3.096795380531457975e-01
8.751191178472568499e-02 6.352951853700594936e-04 1.395380496437809148e-03 8.950288151744792420e-02 1.676271724826428333e-01 1.917797340835867073e-02 1.100422017515995804e-03 9.075645505286563807e-05 1.040239143259064358e-01 0.000000000000000000e+00 8.894132595180832476e-03 1.413248173526342188e-01 4.038662249852520772e-03 1.038026954667150724e-03 8.471547851340927027e-02 3.902527567273222139e-03 0.000000000000000000e+00 2.025003403367064622e-03 2.096474111721196090e-02 1.558742115532967334e-02 1.413531787448382183e-02 5.473748695375958706e-03 6.415346916549439366e-03 0.000000000000000000e+00 7.532218541543767021e-02 0.000000000000000000e+00 1.450968825157689379e-01
1.508212375859434573e-01 2.444614209320091630e-02 8.594346829640947679e-05 3.819709702062643036e-05 2.801279602750190723e-01 4.125286478227655103e-03 0.000000000000000000e+00 4.774637127578303965e-05 9.281894576012222897e-02 0.000000000000000000e+00 0.000000000000000000e+00 1.375095492742551629e-03 1.750381970970206133e-02 4.134835752482811204e-03 1.047173414820473658e-01 4.617074102368220329e-02 0.000000000000000000e+00 8.498854087089380976e-04 2.733957219251336931e-02 6.684491978609625822e-05 3.330786860198624993e-02 1.909854851031321518e-05 0.000000000000000000e+00 0.000000000000000000e+00 4.343964858670740919e-02 0.000000000000000000e+00 1.685637891520244402e-01
1.679895979322410318e-02 3.068736534732086378e-04 2.909288780762502025e-02 2.285354533979138958e-01 8.266606768304064767e-02 4.479722611526427804e-03 1.265964548183909077e-01 7.940751239358286029e-04 2.565084105526573011e-02 9.237846063317209193e-04 1.001610295769256309e-02 7.216276325488545605e-03 7.529477270785945014e-04 6.450674014761572164e-03 7.256138263980942138e-02 5.220015754956642716e-04 1.094621485584847337e-03 3.986193849239617502e-04 3.104485733538759479e-02 1.009614319926856463e-01 4.720159700845642618e-03 3.154154974358649912e-03 4.745468868142402124e-04 3.828011553634870999e-04 1.505895454157188916e-02 1.581822956047467465e-04 2.291871644558054477e-01
9.462596483082815271e-03 6.253264465208054936e-03 9.334919621612210172e-03 1.898903139690093569e-02 3.609773083396204587e-03 1.021327839359294359e-01 4.634089722012652013e-03 4.120480529278625959e-04 9.497417445302072311e-03 3.220939005281179168e-04 1.430851372526260878e-02 2.757820207765074652e-02 5.189193894724624528e-02 1.335616040856595632e-01 4.027334455342115871e-02 1.647611862341129274e-02 2.234345075735592759e-04 1.095583541291857699e-01 2.382914514537751854e-02 5.551331901804886643e-02 1.513696245139574126e-01 1.509778886889907683e-02 5.199350008705240500e-02 5.368231675468631767e-04 5.568452208229353675e-03 6.615982821658638116e-04 1.369102199524113439e-01
1.019127958520269772e-01 2.014883271095827943e-04 1.343255514063885284e-05 4.029766542191656021e-05 1.873304139913494482e-01 1.746232168283050920e-04 1.343255514063885284e-05 1.254600650135668724e-02 6.794186390135131814e-02 0.000000000000000000e+00 2.955162130940547252e-04 1.068291110335007899e-01 4.432743196410821149e-04 2.417859925314993477e-04 1.166080111758858728e-01 6.239421862826746712e-02 0.000000000000000000e+00 1.343524165166697926e-01 2.014883271095827683e-02 3.282916476372135794e-02 3.767831716949197884e-02 0.000000000000000000e+00 7.119254224538591920e-04 0.000000000000000000e+00 6.259570695537705447e-03 0.000000000000000000e+00 1.110335007925207507e-01
0.000000000000000000e+00 0.000000000000000000e+00 0.000000000000000000e+00 0.000000000000000000e+00 0.000000000000000000e+00 0.000000000000000000e+00 0.000000000000000000e+00 0.000000000000000000e+00 0.000000000000000000e+00 0.000000000000000000e+00 0.000000000000000000e+00 0.000000000000000000e+00 0.000000000000000000e+00 0.000000000000000000e+00 0.000000000000000000e+00 0.000000000000000000e+00 0.000000000000000000e+00 0.000000000000000000e+00 0.000000000000000000e+00 0.000000000000000000e+00 1.000000000000000000e+00 0.000000000000000000e+00 0.000000000000000000e+00 0.000000000000000000e+00 0.000000000000000000e+00 0.000000000000000000e+00 0.000000000000000000e+00
6.536630722328962140e-02 2.809994198987085610e-03 1.003040389038142681e-02 2.833033682902645969e-02 2.440704185369104995e-01 4.496813557090606830e-03 7.339721304528493140e-03 1.485223873842368833e-03 7.894726015280115194e-02 4.937032267620062258e-05 1.004686066460682738e-02 1.190647615207704978e-02 1.400882905937192793e-02 2.299422778644043958e-02 8.852921694554041765e-02 4.780692912478760534e-03 1.234258066905015565e-05 1.694224906504951389e-02 5.402347558843253322e-02 4.361045169731055104e-02 1.659254261275976139e-02 5.652901946424971485e-03 1.974812907048025066e-03 0.000000000000000000e+00 3.521749684235644245e-02 0.000000000000000000e+00 2.307815733498998212e-01
5.054754002954101044e-02 3.536080917318324638e-04 1.284039383101216562e-02 2.504723983100479862e-04 1.150368157591339507e-01 1.874859569703153346e-03 5.525126433309882111e-04 5.797699337353169613e-02 4.630792634638122851e-02 3.683417622206588390e-05 6.103422999996316496e-03 9.705805434514359897e-03 6.707503490038196729e-03 3.963357361494289181e-03 5.654046050087113001e-02 2.205998813939525488e-02 1.580186159926626329e-03 6.630151719971858696e-05 3.930574944656649999e-02 1.270779079661272792e-01 2.871224036510035618e-02 0.000000000000000000e+00 6.954292470726038816e-03 0.000000000000000000e+00 2.862015492454518875e-03 0.000000000000000000e+00 4.025828124366912508e-01
2.967791719629132505e-02 7.101112744367041882e-05 4.461865841043958190e-03 9.468150325822722623e-06 7.443149674887387934e-02 8.876390930458803166e-04 4.734075162911361481e-05 3.310349398417398725e-01 5.759949250714253843e-02 0.000000000000000000e+00 0.000000000000000000e+00 1.424009809003737477e-02 9.657513332339177177e-04 1.228492504775498392e-03 1.016405937477069255e-01 1.088837287469613161e-04 0.000000000000000000e+00 2.735822036646475691e-02 2.201581654511928707e-02 1.900494474150766014e-02 1.501885345433629469e-02 4.734075162911361311e-06 7.153187571159067178e-03 0.000000000000000000e+00 1.484842674847148582e-02 3.787260130329089049e-05 2.781529532344385047e-01
1.749922432516289039e-02 1.648309028855103955e-02 3.510704312752094269e-02 2.050108594477195040e-02 2.473627055538318506e-02 5.840831523425379750e-03 5.042662116040955850e-02 1.551349674216568307e-05 2.205243561898851887e-02 0.000000000000000000e+00 1.776295376977970759e-03 1.226497052435619045e-01 2.468973006515668561e-02 1.137992553521563754e-01 1.877133105802047692e-03 6.327955321129383193e-02 6.981073533974558058e-05 1.354560968042196611e-01 1.192677629537697848e-01 1.601846106112317647e-01 1.551349674216568307e-05 1.310890474713000348e-03 7.756748371082841534e-06 4.731616506360533810e-04 1.295376977970834733e-03 1.334160719826248771e-03 5.985107043127520926e-02
6.501847839938830476e-02 0.000000000000000000e+00 0.000000000000000000e+00 0.000000000000000000e+00 7.737989040397603713e-01 0.000000000000000000e+00 0.000000000000000000e+00 0.000000000000000000e+00 1.180323690582388146e-01 0.000000000000000000e+00 0.000000000000000000e+00 0.000000000000000000e+00 3.058493691856760811e-04 0.000000000000000000e+00 3.527462724608130401e-02 0.000000000000000000e+00 0.000000000000000000e+00 1.274372371606983536e-04 2.548744743213967004e-05 0.000000000000000000e+00 1.248884924174843876e-03 0.000000000000000000e+00 0.000000000000000000e+00 0.000000000000000000e+00 5.760163119663565950e-03 0.000000000000000000e+00 4.077991589142347206e-04
2.700151123000225639e-01 3.734648856155222698e-04 1.737045979607080033e-05 3.170108912782921336e-03 1.519828379857214862e-01 2.570828049818478598e-03 1.737045979607080033e-05 1.386249544025430491e-01 1.522347096527645050e-01 8.685229898035400165e-06 5.211137938821240167e-04 4.603171845958762762e-03 6.948183918428320132e-05 4.331324150150254321e-02 1.089388386110580337e-01 2.605568969410620219e-05 0.000000000000000000e+00 8.937101565078427873e-03 1.183796835102225199e-02 1.997602876548142190e-04 8.424673001094338956e-04 0.000000000000000000e+00 1.215932185724956193e-04 0.000000000000000000e+00 2.049714255936354798e-03 8.685229898035400165e-06 9.951536417168962978e-02
7.767857142857143016e-02 0.000000000000000000e+00 1.562500000000000000e-01 0.000000000000000000e+00 8.785714285714285587e-02 0.000000000000000000e+00 0.000000000000000000e+00 2.803571428571428534e-02 6.357142857142857040e-02 0.000000000000000000e+00 0.000000000000000000e+00 1.785714285714285713e-04 1.785714285714285713e-04 0.000000000000000000e+00 2.857142857142857140e-03 2.353571428571428481e-01 7.321428571428571612e-03 0.000000000000000000e+00 3.571428571428571425e-04 2.046428571428571541e-01 1.428571428571428527e-02 3.571428571428571425e-04 0.000000000000000000e+00 0.000000000000000000e+00 8.928571428571428293e-04 0.000000000000000000e+00 1.201785714285714263e-01
7.274997298887141660e-03 1.013217445587582047e-02 2.521038667931187758e-04 1.092450089436847920e-03 5.681940959675386288e-02 5.042077335862375515e-04 3.241335430197241248e-04 7.803214924548913713e-04 2.007226977514735972e-02 0.000000000000000000e+00 3.601483811330268128e-05 3.745543163783478582e-03 3.493439296990359915e-03 1.728712229438528593e-03 1.375046519165896430e-01 6.962868701905184461e-04 0.000000000000000000e+00 2.412994153591279788e-03 5.522275177373077437e-02 1.177685206304997581e-02 1.200494603776755998e-04 5.162126796240051278e-04 4.357795411709624103e-03 0.000000000000000000e+00 0.000000000000000000e+00 3.121285969819565485e-04 6.808244996938739302e-01
6.851119894598155236e-02 4.391743522178304972e-04 0.000000000000000000e+00 0.000000000000000000e+00 5.757575757575758013e-01 0.000000000000000000e+00 0.000000000000000000e+00 4.391743522178304972e-04 9.793588054457619263e-02 0.000000000000000000e+00 0.000000000000000000e+00 3.996486605182257568e-02 0.000000000000000000e+00 1.317523056653491492e-03 2.195871761089152399e-02 0.000000000000000000e+00 0.000000000000000000e+00 0.000000000000000000e+00 0.000000000000000000e+00 0.000000000000000000e+00 3.074220465524813480e-03 1.317523056653491492e-03 0.000000000000000000e+00 0.000000000000000000e+00 6.060606060606060774e-02 8.212560386473430341e-02 4.655248133509003183e-02
1.334150065730650980e-01 4.596045335934108994e-02 3.757107809717311064e-02 3.096054183290154749e-02 1.758646208803847991e-02 3.741494828460174837e-02 2.080273622700858430e-02 6.869711753140030075e-02 5.633371810658253931e-02 3.355750104867190678e-03 6.857221368134321787e-03 2.403358248181868342e-02 3.759605886718453416e-02 2.431253441361285600e-02 6.521334098022460446e-02 2.694071959189748774e-02 1.530072163199370410e-03 1.920708954252924039e-02 7.196751667206181813e-02 1.627996781644130142e-01 1.270688501247477231e-02 5.128343910260747471e-03 7.642242065743141965e-02 3.122596251427286646e-06 1.310969992890889148e-02 7.390144461711245104e-05 0.000000000000000000e+00
