1.878943070433867287e-04 1.962050167779980439e-02 3.183363163561993975e-02 4.796363522488298475e-02 3.733797127144223280e-04 7.532634591341926672e-03 1.884483543590274868e-02 2.177646840605405257e-03 4.256287834807179205e-02 6.070431458324801336e-04 1.404148609943463126e-02 6.799124123461013081e-02 2.560421268671996681e-02 2.353159394594906972e-01 2.553435454692178606e-04 1.654674352667978576e-02 2.649791509586222897e-05 8.680957875541701896e-02 1.016893625324298278e-01 1.234634220371115393e-01 1.223481007017129633e-02 2.201254074054445967e-02 1.177470990805223536e-02 6.359499623006935765e-04 3.417749267091757526e-02 1.303215642441951563e-03 7.441337229329819669e-02
7.113752122241086273e-02 9.690479299986939909e-03 0.000000000000000000e+00 4.962779156327543420e-04 2.877105916155152099e-01 7.835967088938226952e-05 3.917983544469113476e-05 5.223978059292151075e-05 3.688128509860258419e-02 4.348961734360715613e-03 0.000000000000000000e+00 1.126942666840799329e-01 8.227765443385138232e-04 1.828392320752252910e-04 1.465848243437377629e-01 1.305994514823037769e-05 0.000000000000000000e+00 6.701057855557006337e-02 1.299464542248922501e-02 6.791171477079796168e-03 1.586783335509990844e-01 5.223978059292151075e-05 1.436593966305341630e-04 0.000000000000000000e+00 7.224761656001044141e-02 1.305994514823037769e-05 1.133603238866396842e-02
1.266629062350848323e-01 0.000000000000000000e+00 1.625374235258384911e-02 1.909142187703388759e-04 1.604373671193647655e-01 3.471167614006161011e-05 0.000000000000000000e+00 1.752939645073111341e-01 4.530741528181542188e-02 0.000000000000000000e+00 7.166225539115719800e-02 3.688983381785047866e-02 0.000000000000000000e+00 1.995921378053542683e-04 1.997136286718445009e-01 8.677919035015402527e-06 1.596737102442834146e-03 4.234824489087516547e-02 2.421139410769297586e-03 6.603896385646722267e-02 3.296741441402351730e-02 0.000000000000000000e+00 6.942335228012322021e-05 0.000000000000000000e+00 7.115893608712630519e-03 8.677919035015403204e-05 1.470039484531609347e-02
2.743338903639611429e-02 1.906019920124467565e-04 1.773041786162295359e-04 7.983120642195735625e-03 1.051103496881662797e-01 1.032796840439537079e-03 5.616109857669070518e-03 2.349280366665041405e-04 6.067792252693915422e-02 2.792540813205614974e-04 2.393606411319098898e-04 9.179923847855283800e-03 2.043430658552045521e-03 1.183505392263332207e-02 5.805382068341895935e-02 1.063825071697377243e-04 1.063825071697377243e-04 2.113022548658915686e-02 2.246000682621087513e-02 2.437932455973156119e-04 1.050083997854619512e-02 2.229600046099086338e-03 1.121448929747651847e-03 0.000000000000000000e+00 1.461872952690812522e-02 0.000000000000000000e+00 6.373952243119489491e-01
5.027703501286683030e-02 1.282491890124812369e-03 1.711162708824047127e-02 8.208786326792345822e-02 3.152918297722528962e-02 8.772915112448553127e-03 5.621170336716988479e-03 1.508813988382132340e-03 1.080813753677734024e-02 2.263220982573198347e-04 1.232198090512074719e-03 3.644791657935104318e-02 1.969840484832228317e-02 8.358829495637012941e-02 3.510507212969094567e-03 9.344587968046672022e-03 1.051140411906218873e-03 1.349852052406139147e-01 6.705337010368904449e-02 2.671438989429919877e-02 8.633768933519979632e-04 1.731112582670433012e-02 6.925456206673986925e-03 7.686569040813418484e-03 1.755253606484547327e-02 2.917040377538789053e-04 3.565176573148140515e-01
6.768215043621787774e-02 4.715868898844612116e-05 3.772695119075689422e-05 1.886347559537844711e-05 7.731195472765857446e-02 4.408394246639943392e-02 9.431737797689223555e-06 4.715868898844612116e-05 8.000000000000000167e-02 0.000000000000000000e+00 0.000000000000000000e+00 2.825748644187691533e-02 4.715868898844612116e-05 2.452251827399198328e-04 1.759585003536901782e-01 0.000000000000000000e+00 0.000000000000000000e+00 7.340721527941523883e-02 1.867484083942466460e-03 4.054704079226597452e-02 4.059419948125442268e-02 9.431737797689223555e-06 4.715868898844612116e-05 0.000000000000000000e+00 2.207026644659278603e-03 9.431737797689223555e-06 3.675642537137467358e-01
5.784312782070651082e-02 1.924575871592297695e-05 9.622879357961488476e-06 1.135499764239455674e-03 1.326129004320672766e-01 3.849151743184595390e-05 1.537736121402246033e-02 1.376552892156391039e-01 4.718097749208518404e-02 0.000000000000000000e+00 1.924575871592297695e-05 3.104340880878376369e-02 2.088164820677643023e-03 1.557944168053965184e-02 9.801864914019572939e-02 0.000000000000000000e+00 0.000000000000000000e+00 6.625352437956485985e-02 2.859919745186154452e-02 6.610918118919542966e-03 2.412455855040945493e-02 0.000000000000000000e+00 2.107410579393566210e-03 0.000000000000000000e+00 2.578931667933679305e-03 9.622879357961488476e-06 3.310944100693809511e-01
1.621558704130671158e-01 6.441716813199778891e-04 5.421246822989913015e-05 7.334628054633411448e-05 4.701209575835270660e-01 3.794872776092939179e-04 6.377937438811662570e-06 4.145659335227580501e-05 1.369311278425670020e-01 0.000000000000000000e+00 1.913381231643498771e-05 9.598795845411552423e-04 1.221375019532433418e-03 8.929112414336327734e-04 6.793778959822183161e-02 6.059040566871079611e-05 8.610215542395744639e-05 1.229666338202888530e-02 2.095152448649631200e-03 3.140177497998922207e-02 1.565464744356322505e-02 6.377937438811662570e-06 2.806292473077131666e-04 0.000000000000000000e+00 6.202544159244341611e-03 0.000000000000000000e+00 9.047742050698225069e-02
1.177520602147978483e-02 5.182518668372356266e-03 3.908309285098027219e-02 4.548240264183500692e-02 3.414452741498824606e-02 2.380329039359771470e-02 3.485556183619432924e-02 9.817630083598607625e-05 1.567845773956505007e-03 1.487519709636152717e-05 8.106982417517031789e-03 5.715645732305953131e-02 4.846636717936512323e-02 2.573647100824085765e-01 3.796447802933388543e-02 9.073870228780530484e-03 4.254306369559396773e-04 3.713741707077618942e-02 1.177252848600243984e-01 1.491357510487013871e-01 7.140094606253533311e-04 2.219974414660994336e-02 5.950078838544610528e-06 3.099991074881742158e-03 5.950078838544610528e-06 3.070240680689019161e-03 5.233986850325766937e-02
7.569721115537848821e-02 0.000000000000000000e+00 0.000000000000000000e+00 0.000000000000000000e+00 1.482818725099601664e-01 0.000000000000000000e+00 0.000000000000000000e+00 0.000000000000000000e+00 7.084163346613546464e-02 8.715139442231075546e-04 0.000000000000000000e+00 0.000000000000000000e+00 0.000000000000000000e+00 0.000000000000000000e+00 3.361553784860557559e-01 0.000000000000000000e+00 0.000000000000000000e+00 2.490039840637450156e-04 0.000000000000000000e+00 0.000000000000000000e+00 3.649153386454183079e-01 0.000000000000000000e+00 0.000000000000000000e+00 0.000000000000000000e+00 0.000000000000000000e+00 1.245019920318725078e-04 2.863545816733067788e-03
6.557218967720161024e-03 2.651816494298594659e-04 2.892890721053011961e-04 1.205371133772088408e-04 3.240760830259636904e-01 4.845591957763795143e-03 3.133964947807429805e-04 4.821484535088353630e-04 1.486945830621248243e-01 9.642969070176706989e-05 2.410742267544176815e-04 1.340372700754562281e-02 1.663412164605481986e-03 1.073985680190930742e-01 1.149924061618572309e-02 9.642969070176706989e-05 0.000000000000000000e+00 9.160820616667871572e-04 5.665244328728815532e-02 4.821484535088353495e-05 2.169668040789759188e-03 0.000000000000000000e+00 1.976808659386224912e-03 0.000000000000000000e+00 1.176442226561558342e-02 0.000000000000000000e+00 3.064294496275403179e-01
9.074733096085409179e-02 1.560667210083699526e-03 1.585518598779299751e-03 8.128889242330861187e-02 1.658631384321755942e-01 1.758981291874589861e-02 1.212747768345295071e-03 2.435436092168830318e-04 1.037247261376965796e-01 0.000000000000000000e+00 8.360007157199944930e-03 1.466231933040418323e-01 3.906638302948369119e-03 9.542933259110518819e-04 8.463885961947553715e-02 3.822143581383327833e-03 0.000000000000000000e+00 1.893675818604743715e-03 2.108391816934730364e-02 1.541780154675043320e-02 1.415535100101393724e-02 5.343048569554066651e-03 6.525974671464641191e-03 5.964333286944074262e-05 7.274995526750034636e-02 9.940555478240124335e-06 1.506391777172508273e-01
1.517974007988447949e-01 2.444667753185668022e-02 2.786667905185735662e-04 5.066668918519519262e-05 2.675707855870158025e-01 3.909779515457562429e-03 0.000000000000000000e+00 4.222224098766266278e-05 9.219648542066018193e-02 0.000000000000000000e+00 0.000000000000000000e+00 1.368000608000270214e-03 1.755600780267013369e-02 3.952001756445225160e-03 1.022707121203164926e-01 4.528757568336697070e-02 0.000000000000000000e+00 8.866670607409159535e-03 2.760490115773384795e-02 8.444448197532532555e-05 3.193690308306803421e-02 1.688889639506506308e-05 2.533334459259759631e-05 0.000000000000000000e+00 4.272046343131707946e-02 0.000000000000000000e+00 1.780174124521833046e-01
1.896459128378973416e-02 3.381459938224420751e-04 3.116626269113062855e-02 2.182888676087395008e-01 8.312992478382809358e-02 4.268027585893344883e-03 1.252987193075679462e-01 9.064585884820086344e-04 2.570477865645219573e-02 1.105367996612857022e-03 9.746560998411566562e-03 6.958987721606392507e-03 8.524688919893497847e-04 6.944779906739903530e-03 7.366467851977301362e-02 5.057982092470142584e-04 1.094001744719665537e-03 5.654710316862687422e-04 3.466706827423356174e-02 9.797709131930927573e-02 4.628906083502169928e-03 3.020581440615596139e-03 4.603332016742489141e-04 3.750863124753139139e-04 1.428169550379490733e-02 1.847015932643591399e-04 2.349006447506386541e-01
1.193017077398367959e-02 6.722263408250866296e-03 9.170560285353221430e-03 2.017206672664290448e-02 4.403240827461026019e-03 9.402198718337691219e-02 4.606386150237838303e-03 2.822928511314139188e-03 9.658636710206601819e-03 3.033988586926411059e-04 1.370307540912676578e-02 3.050345742786362419e-02 5.580164574093958441e-02 1.364134033701017712e-01 3.908568775244763982e-02 1.679774376779170561e-02 2.400808360089595067e-04 1.097617923221620995e-01 2.374689675732576458e-02 5.387308430003245191e-02 1.480771107986249557e-01 1.453940095874039357e-02 5.262519160297489396e-02 8.284107967781679854e-04 5.513944475370608118e-03 6.331802268368162635e-04 1.340442540213540035e-01
1.036202063577264798e-01 1.789228842368938892e-04 2.385638456491918523e-05 3.578457684737877784e-05 1.832766744199916531e-01 1.789228842368938892e-04 1.192819228245959261e-05 2.234150414504681645e-02 6.884952585435677452e-02 0.000000000000000000e+00 4.174867298860857685e-04 1.006858710562414244e-01 4.294149221685453341e-04 2.504920379316514720e-04 1.143317230273751955e-01 6.086956521739130682e-02 0.000000000000000000e+00 1.301723623784815376e-01 2.117254130136577914e-02 4.182024214230333631e-02 3.604699707759288774e-02 0.000000000000000000e+00 6.441223832528180553e-04 1.192819228245959261e-05 6.154947217749150330e-03 1.192819228245959261e-05 1.084630524244050848e-01
0.000000000000000000e+00 0.000000000000000000e+00 0.000000000000000000e+00 0.000000000000000000e+00 0.000000000000000000e+00 0.000000000000000000e+00 0.000000000000000000e+00 0.000000000000000000e+00 0.000000000000000000e+00 0.000000000000000000e+00 0.000000000000000000e+00 0.000000000000000000e+00 0.000000000000000000e+00 0.000000000000000000e+00 0.000000000000000000e+00 0.000000000000000000e+00 0.000000000000000000e+00 0.000000000000000000e+00 0.000000000000000000e+00 0.000000000000000000e+00 9.913793103448276245e-01 0.000000000000000000e+00 0.000000000000000000e+00 0.000000000000000000e+00 0.000000000000000000e+00 0.000000000000000000e+00 8.620689655172413673e-03
6.879691983476196593e-02 2.847548592450532302e-03 1.121153895235004784e-02 2.947814387959354215e-02 2.362918427394802845e-01 4.335128394908685338e-03 8.513477545930849336e-03 1.957917534117715758e-03 8.071214237013756010e-02 5.469043391390267239e-05 1.067921872892139447e-02 1.312205811040904717e-02 1.328612941215075519e-02 2.235380335507581792e-02 8.623587619544173521e-02 4.604934535550605362e-03 6.927454962427671565e-05 1.771605455917687338e-02 5.488731947599272132e-02 4.253821949823349824e-02 1.742072621604179652e-02 5.323202234286526779e-03 1.979793707683276654e-03 1.458411571037404665e-05 3.616860696172763401e-02 0.000000000000000000e+00 2.294008480663285721e-01
5.006426882356981162e-02 6.116167942776216948e-04 1.340650930344369773e-02 4.611656042414152921e-04 1.120501591184868556e-01 1.710564617150781572e-03 5.200378090381916870e-04 6.204149182166954907e-02 4.768321520734463553e-02 3.270678044265356552e-05 5.589588777649494647e-03 9.200417338518448312e-03 6.744138127275165449e-03 3.787445175259283175e-03 5.744945984752099222e-02 2.110568541964434608e-02 1.641880378221208985e-03 1.733459363460639047e-04 4.068069351457250654e-02 1.238573068582847908e-01 2.809839507828367985e-02 4.906017066398035166e-05 6.495566595910997991e-03 0.000000000000000000e+00 2.976317020281474442e-03 0.000000000000000000e+00 4.035689638819023317e-01
3.075054203909537154e-02 6.641585753584313692e-05 4.507708524368192124e-03 1.071223508642631350e-05 7.489994772429277303e-02 9.555313697092271234e-04 5.141872841484629802e-05 3.326577483738827334e-01 5.649632784581237049e-02 0.000000000000000000e+00 8.569788069141050799e-06 1.396661210568262562e-02 9.619587107610828641e-04 1.201912776697032286e-03 1.001315462468613110e-01 1.071223508642631214e-04 0.000000000000000000e+00 2.701625688796716052e-02 2.250640591658168224e-02 1.839290764339398046e-02 1.462005844595463087e-02 4.284894034570525399e-06 7.125778779490782831e-03 0.000000000000000000e+00 1.481716357154487518e-02 1.028374568296925960e-04 2.786402317270693652e-01
1.697664584734189658e-02 1.577739728401394634e-02 3.824424464670692081e-02 2.116361771005913217e-02 2.541297822635989884e-02 5.919990017815427059e-03 4.746390123182930160e-02 9.011694406510602684e-05 2.377007701532681330e-02 2.079621786117831519e-05 2.349972618313149464e-03 1.159666428665506732e-01 2.487920863458965501e-02 1.126600442266233182e-01 1.753814372959371093e-03 5.841657597204988339e-02 1.039810893058915726e-04 1.383641695030397023e-01 1.172629404465641151e-01 1.654131168678123209e-01 3.466036310196385752e-05 1.843931317024477242e-03 6.932072620392771504e-05 4.713809381867084189e-04 1.268569289531877196e-03 1.809270953922513222e-03 6.249263467284082996e-02
6.539496997169745585e-02 0.000000000000000000e+00 0.000000000000000000e+00 0.000000000000000000e+00 7.612692422743275733e-01 0.000000000000000000e+00 0.000000000000000000e+00 0.000000000000000000e+00 1.263259624013438054e-01 0.000000000000000000e+00 0.000000000000000000e+00 0.000000000000000000e+00 2.761223221887295905e-04 2.301019351572746813e-05 3.527462665961021010e-02 0.000000000000000000e+00 0.000000000000000000e+00 5.982650314089141578e-04 4.602038703145493626e-05 0.000000000000000000e+00 1.219540256333555804e-03 0.000000000000000000e+00 0.000000000000000000e+00 0.000000000000000000e+00 5.683517798384684662e-03 0.000000000000000000e+00 3.888722704157941863e-03
2.546595024128518459e-01 3.754194138764401097e-04 1.564247557818500457e-05 2.995534073222428338e-03 1.653487880992045855e-01 2.377656287884120749e-03 4.692742673455501371e-05 1.502616204040451431e-01 1.444973681534839627e-01 7.821237789092502286e-06 3.981010034648083118e-03 4.505032966517281100e-03 1.407822802036650344e-04 4.049054803413187908e-02 1.026928521707845543e-01 5.474866452364751261e-05 0.000000000000000000e+00 8.368724434328976558e-03 1.170839297027147577e-02 1.877097069382200549e-04 8.446936812219901520e-04 0.000000000000000000e+00 1.094973290472950252e-04 0.000000000000000000e+00 2.588829708189618016e-03 7.821237789092502286e-06 1.037330767967338530e-01
7.533009034051424413e-02 9.589993050729673715e-03 1.281445448227936101e-01 0.000000000000000000e+00 7.282835302293259871e-02 2.779708130646282079e-04 0.000000000000000000e+00 2.237665045170257258e-02 8.756080611535788094e-02 0.000000000000000000e+00 0.000000000000000000e+00 8.617095205003474229e-03 1.389854065323141040e-04 0.000000000000000000e+00 3.891591382904794911e-03 1.920778318276580854e-01 5.976372480889506796e-03 1.389854065323141040e-04 2.779708130646282079e-04 1.787352328005559488e-01 1.111883252258512832e-02 2.209867963863794416e-02 0.000000000000000000e+00 4.725503822098679751e-02 1.292564280750521134e-02 0.000000000000000000e+00 1.206393328700486461e-01
7.772505930827818335e-03 1.041536604653098622e-02 3.433637158197028411e-04 1.050901069629999601e-03 6.177425396429017668e-02 4.890331710159403870e-04 3.017438714779206851e-04 8.219919257501977434e-04 1.808382236650435057e-02 0.000000000000000000e+00 3.121488325633662377e-05 4.141174512007325496e-03 3.298372664086236458e-03 1.852083073209306267e-03 1.361177009197985510e-01 1.425479668706039005e-03 0.000000000000000000e+00 3.901860407042077612e-03 5.248262371498730455e-02 1.089399425646148112e-02 1.768843384525741900e-04 6.242976651267324482e-04 4.068339784409206669e-03 1.040496108544554069e-05 0.000000000000000000e+00 3.329587547342573021e-04 6.795896283347899747e-01
9.392265193370165355e-02 3.683241252302025702e-04 0.000000000000000000e+00 0.000000000000000000e+00 5.090239410681399734e-01 0.000000000000000000e+00 0.000000000000000000e+00 1.104972375690607819e-03 9.465930018416206237e-02 0.000000000000000000e+00 0.000000000000000000e+00 3.388581952117863949e-02 0.000000000000000000e+00 1.104972375690607819e-03 3.093922651933701806e-02 0.000000000000000000e+00 0.000000000000000000e+00 2.946593001841620561e-03 3.683241252302025702e-04 7.366482504604051403e-04 4.051565377532228597e-03 1.473296500920810281e-03 0.000000000000000000e+00 0.000000000000000000e+00 5.414364640883977814e-02 7.403314917127071237e-02 9.723756906077347939e-02
1.258393201781743687e-01 4.581403967094979657e-02 3.777124259747121487e-02 3.084020077639409649e-02 1.780092609579440877e-02 3.568991201356121190e-02 2.094447828224640581e-02 6.877747282987575761e-02 7.038089542162308254e-02 5.479889338157054382e-03 7.359416163380322860e-03 2.430267628475610980e-02 3.789782859155652744e-02 2.443017956865363785e-02 6.048517292747539881e-02 2.724442471252137149e-02 1.502520712403959853e-03 1.909705660045057235e-02 7.309974242502073616e-02 1.581123276412442769e-01 1.186881288021662643e-02 5.279920159094744769e-03 7.551771837001269860e-02 4.265397626787798078e-04 1.394463972525335563e-02 9.264627103345539751e-05 0.000000000000000000e+00
